mean: 130.01149542372715
std: 21.920596493116644