mean: 129.92703985238157
std: 32.055052474638806